x              =  0.550000E+00
a              =  0.100000E+01
Ln(x)          =  0.438255E+00
Fortran Log(x) =  0.438255E+00
Error          =  0.596046E-07

